\begin{table}
\caption{Correlation of total_assets across PD, BD, Banks, Cmpust.}
\label{tab:total_assets}
\begin{tabular}{lrrrr}
\toprule
 & total_assets_PD & total_assets_BD & total_assets_Banks & total_assets_Cmpust. \\
\midrule
total_assets_PD & 1.000 & 0.851 & 0.905 & -0.177 \\
total_assets_BD & 0.851 & 1.000 & 0.664 & 0.128 \\
total_assets_Banks & 0.905 & 0.664 & 1.000 & -0.204 \\
total_assets_Cmpust. & -0.177 & 0.128 & -0.204 & 1.000 \\
\bottomrule
\end{tabular}
\end{table}


\begin{table}
\caption{Correlation of book_debt across PD, BD, Banks, Cmpust.}
\label{tab:book_debt}
\begin{tabular}{lrrrr}
\toprule
 & book_debt_PD & book_debt_BD & book_debt_Banks & book_debt_Cmpust. \\
\midrule
book_debt_PD & 1.000 & 0.832 & 0.901 & -0.159 \\
book_debt_BD & 0.832 & 1.000 & 0.641 & 0.011 \\
book_debt_Banks & 0.901 & 0.641 & 1.000 & -0.185 \\
book_debt_Cmpust. & -0.159 & 0.011 & -0.185 & 1.000 \\
\bottomrule
\end{tabular}
\end{table}


\begin{table}
\caption{Correlation of book_equity across PD, BD, Banks, Cmpust.}
\label{tab:book_equity}
\begin{tabular}{lrrrr}
\toprule
 & book_equity_PD & book_equity_BD & book_equity_Banks & book_equity_Cmpust. \\
\midrule
book_equity_PD & 1.000 & 0.944 & 0.836 & 0.472 \\
book_equity_BD & 0.944 & 1.000 & 0.766 & 0.598 \\
book_equity_Banks & 0.836 & 0.766 & 1.000 & 0.366 \\
book_equity_Cmpust. & 0.472 & 0.598 & 0.366 & 1.000 \\
\bottomrule
\end{tabular}
\end{table}


\begin{table}
\caption{Correlation of market_equity across PD, BD, Banks, Cmpust.}
\label{tab:market_equity}
\begin{tabular}{lrrrr}
\toprule
 & market_equity_PD & market_equity_BD & market_equity_Banks & market_equity_Cmpust. \\
\midrule
market_equity_PD & 1.000 & 0.687 & 0.726 & 0.112 \\
market_equity_BD & 0.687 & 1.000 & 0.535 & 0.272 \\
market_equity_Banks & 0.726 & 0.535 & 1.000 & -0.031 \\
market_equity_Cmpust. & 0.112 & 0.272 & -0.031 & 1.000 \\
\bottomrule
\end{tabular}
\end{table}
