\begin{table}
\caption{Correlation of total_assets across PD, BD, Banks, Cmpust.}
\label{tab:total_assets}
\begin{tabular}{lrrrr}
\toprule
 & total_assets_PD & total_assets_BD & total_assets_Banks & total_assets_Cmpust. \\
\midrule
total_assets_PD & 1.000 & -0.141 & 0.907 & -0.166 \\
total_assets_BD & -0.141 & 1.000 & -0.077 & 0.530 \\
total_assets_Banks & 0.907 & -0.077 & 1.000 & -0.198 \\
total_assets_Cmpust. & -0.166 & 0.530 & -0.198 & 1.000 \\
\bottomrule
\end{tabular}
\end{table}


\begin{table}
\caption{Correlation of book_debt across PD, BD, Banks, Cmpust.}
\label{tab:book_debt}
\begin{tabular}{lrrrr}
\toprule
 & book_debt_PD & book_debt_BD & book_debt_Banks & book_debt_Cmpust. \\
\midrule
book_debt_PD & 1.000 & -0.096 & 0.898 & -0.142 \\
book_debt_BD & -0.096 & 1.000 & -0.071 & 0.584 \\
book_debt_Banks & 0.898 & -0.071 & 1.000 & -0.200 \\
book_debt_Cmpust. & -0.142 & 0.584 & -0.200 & 1.000 \\
\bottomrule
\end{tabular}
\end{table}


\begin{table}
\caption{Correlation of book_equity across PD, BD, Banks, Cmpust.}
\label{tab:book_equity}
\begin{tabular}{lrrrr}
\toprule
 & book_equity_PD & book_equity_BD & book_equity_Banks & book_equity_Cmpust. \\
\midrule
book_equity_PD & 1.000 & 0.013 & 0.837 & 0.477 \\
book_equity_BD & 0.013 & 1.000 & 0.194 & 0.107 \\
book_equity_Banks & 0.837 & 0.194 & 1.000 & 0.368 \\
book_equity_Cmpust. & 0.477 & 0.107 & 0.368 & 1.000 \\
\bottomrule
\end{tabular}
\end{table}


\begin{table}
\caption{Correlation of market_equity across PD, BD, Banks, Cmpust.}
\label{tab:market_equity}
\begin{tabular}{lrrrr}
\toprule
 & market_equity_PD & market_equity_BD & market_equity_Banks & market_equity_Cmpust. \\
\midrule
market_equity_PD & 1.000 & 0.236 & 0.727 & 0.114 \\
market_equity_BD & 0.236 & 1.000 & 0.480 & 0.123 \\
market_equity_Banks & 0.727 & 0.480 & 1.000 & -0.032 \\
market_equity_Cmpust. & 0.114 & 0.123 & -0.032 & 1.000 \\
\bottomrule
\end{tabular}
\end{table}
